Term frequencies:
   0    0    1    1
   0    0    0    1
   2    0    0    0
   1    1    3    0
   0    0    0    1
   0    0    0    1
   1    0    0    0
   1    0    0    0
   0    0    0    0
   0    0    0    0

Normalized term frequencies:
 0.000e+00  0.000e+00  3.333e-01  3.333e-01
 0.000e+00  0.000e+00  0.000e+00  3.333e-01
 6.667e-01  0.000e+00  0.000e+00  0.000e+00
 3.333e-01  3.333e-01  1.000e+00  0.000e+00
 0.000e+00  0.000e+00  0.000e+00  3.333e-01
 0.000e+00  0.000e+00  0.000e+00  3.333e-01
 3.333e-01  0.000e+00  0.000e+00  0.000e+00
 3.333e-01  0.000e+00  0.000e+00  0.000e+00
 0.000e+00  0.000e+00  0.000e+00  0.000e+00
 0.000e+00  0.000e+00  0.000e+00  0.000e+00

Document frequencies:
   2    1    1    3    1    1    1    1    0    0

Inverse document frequencies:
0.693 1.386 1.386 0.000 1.386 1.386 1.386 1.386 inf inf

Term Document Incidence:
 0.000e+00  0.000e+00  2.310e-01  2.310e-01
 0.000e+00  0.000e+00  0.000e+00  4.621e-01
 9.242e-01  0.000e+00  0.000e+00  0.000e+00
 0.000e+00  0.000e+00  0.000e+00  0.000e+00
 0.000e+00  0.000e+00  0.000e+00  4.621e-01
 0.000e+00  0.000e+00  0.000e+00  4.621e-01
 4.621e-01  0.000e+00  0.000e+00  0.000e+00
 4.621e-01  0.000e+00  0.000e+00  0.000e+00
       nan        nan        nan        nan
       nan        nan        nan        nan
